
L =

     4    -1    -1     0    -1     0    -1     0
    -1     4     0    -1     0    -1     0    -1
    -1     0     3    -1    -1     0     0     0
     0    -1    -1     3     0    -1     0     0
    -1     0    -1     0     4    -1    -1     0
     0    -1     0    -1    -1     4     0    -1
    -1     0     0     0    -1     0     3    -1
     0    -1     0     0     0    -1    -1     3

Eigenvector corresponding to L is:

V =

    0.3536   -0.2906   -0.2014    0.2803    0.5273   -0.1356    0.5000   -0.3536
    0.3536    0.2906    0.2014    0.2803    0.5273   -0.1356   -0.5000    0.3536
    0.3536   -0.0058   -0.6123   -0.5628   -0.0000   -0.2414   -0.0000    0.3536
    0.3536    0.5754   -0.2096    0.3213   -0.4673   -0.2311   -0.0000   -0.3536
    0.3536   -0.2906   -0.2014   -0.0388   -0.0600    0.6082   -0.5000   -0.3536
    0.3536    0.2906    0.2014   -0.0388   -0.0600    0.6082    0.5000    0.3536
    0.3536   -0.5754    0.2096    0.3213   -0.4673   -0.2311   -0.0000    0.3536
    0.3536    0.0058    0.6123   -0.5628         0   -0.2414    0.0000   -0.3536

Eigenvalues are:

D =

    0.0000         0         0         0         0         0         0         0
         0    2.0000         0         0         0         0         0         0
         0         0    2.0000         0         0         0         0         0
         0         0         0    4.0000         0         0         0         0
         0         0         0         0    4.0000         0         0         0
         0         0         0         0         0    4.0000         0         0
         0         0         0         0         0         0    6.0000         0
         0         0         0         0         0         0         0    6.0000

Eigenvector of the second smallest eigenvalue is:

x =

   -0.2906
    0.2906
   -0.0058
    0.5754
   -0.2906
    0.2906
   -0.5754
    0.0058


L1 =

     3    -1    -1    -1
    -1     2    -1     0
    -1    -1     3    -1
    -1     0    -1     2

Eigenvector corresponding to L1 is:

V1 =

   -0.5000   -0.0000   -0.3528   -0.7909
   -0.5000    0.7071    0.4904    0.0973
   -0.5000   -0.0000   -0.6281    0.5962
   -0.5000   -0.7071    0.4904    0.0973

Eigenvalues are:

D1 =

   -0.0000         0         0         0
         0    2.0000         0         0
         0         0    4.0000         0
         0         0         0    4.0000

Eigenvector of the second smallest eigenvalue is:

x =

   -0.0000
    0.7071
   -0.0000
   -0.7071


L2 =

     3    -1    -1    -1
    -1     2    -1     0
    -1    -1     3    -1
    -1     0    -1     2

Eigenvector corresponding to L2 is:

V2 =

   -0.5000   -0.0000   -0.3528   -0.7909
   -0.5000    0.7071    0.4904    0.0973
   -0.5000   -0.0000   -0.6281    0.5962
   -0.5000   -0.7071    0.4904    0.0973

Eigenvalues are:

D2 =

   -0.0000         0         0         0
         0    2.0000         0         0
         0         0    4.0000         0
         0         0         0    4.0000

Eigenvector of the second smallest eigenvalue is:

x =

   -0.0000
    0.7071
   -0.0000
   -0.7071

>> 